18889
589
27106
47319
32606
80917
89363
85337
82497
6107
10439
91520
39107
27710
5237
7089
64043
38708
19851
86554
33919
67003
59437
20428
4246
24343
84396
54474
27149
86307
34613
85328
9909
10795
40003
90835
95003
94661
94591
86279
60836
21445
24285
938
37840
21178
89383
34813
38527
79963
63816
33193
30961
32259
25995
51885
41151
6677
43073
8263
96521
34888
58188
96189
71494
25111
81611
28312
87707
14402
12086
69382
44116
33572
25717
12474
42718
58499
82588
83067
34959
49582
15946
47185
22491
1419
54367
77649
84799
88118
49683
88325
51587
86328
89757
25948
63256
28095
29443
12728
39567
61071
47106
24125
67877
94434
89077
97388
6542
13521
9166
82651
24089
60005
73303
46939
18941
11002
73698
70074
70744
3961
43512
99588
64718
23760
17794
57788
43815
99769
49217
14623
29055
69859
43499
73888
2476
91821
79308
28057
12342
56978
71106
71278
78951
67032
64235
91582
13024
42818
7006
52254
54396
59369
41984
35605
17559
47517
59406
76640
31288
53572
6772
64304
94543
53595
54230
16505
99415
44462
27119
31693
45641
57732
13765
32855
72233
20637
97686
59524
26211
44763
997
92762
96963
60226
69686
27874
7894
56329
54958
32415
35192
51416
81053
3406
64333
6974
84407
13436
10005
75076
13609
98355
79886
20560
8755
1636
28219
2750
45325
26879
61719
84591
50428
86525
52575
14010
67341
34316
83909
26356
8611
43085
89503
94704
96500
94224
76678
10359
68521
65259
36229
84249
49519
51135
31153
2642
12876
76402
51471
68049
99655
5143
11003
28079
70696
50601
988
94527
50830
50323
39633
50091
29527
83649
66464
70523
8851
85182
24059
14530
24957
17859
34229
80066
90650
77469
35071
99292
55372
49933
1133
90938
82845
15859
26701
3468
32082
61424
24007
45899
93236
82151
59528
18197
25626
86138
54722
65869
84670
60629
93790
27693
52342
36940
43091
81795
70914
30937
37429
93226
15529
1695
39155
897
49190
48694
67245
13668
56948
62996
38441
47427
61174
78160
21294
42806
58331
16031
54439
4511
22747
69201
14622
94742
56142
73440
38595
45905
72767
44906
32553
1145
23995
30781
30369
91540
42995
58631
69007
76931
18892
41054
8921
21674
22187
46363
66518
74182
15645
285
23463
54882
76497
32917
70479
46328
87073
44412
44754
75749
10098
21340
40901
12042
30442
37296
23431
30393
47791
29754
99811
99699
47024
77507
85618
81692
60280
92947
72554
9779
6921
64413
30259
72482
21442
77671
24647
91077
60301
84041
4467
98582
13877
93257
66833
97552
153
96879
91231
84891
22931
36125
26391
85891
473
23764
7857
98989
47299
88786
86048
94125
71858
34974
68828
45685
91080
68419
90600
52771
12648
32354
70091
63749
25287
1229
85822
53767
10674
88065
81539
63400
1716
87663
86848
70796
38021
44368
72008
97677
69813
25658
43778
71515
97993
10341
26724
78902
24429
21147
6471
31734
6279
38460
72243
90576
66033
62641
60604
99244
37941
54090
88314
59233
7246
22647
92409
84195
48126
98032
7663
46712
96410
92922
82957
86990
88576
98576
65756
14945
74504
6920
29338
89526
81593
49805
57121
63255
15420
96271
4762
75380
83763
72764
59736
15723
37343
84544
64268
75345
17931
42529
30775
26397
13484
59759
35323
13356
55502
85253
2000
67456
96884
45658
24739
31021
24752
98787
77639
57440
65525
29153
68774
51855
93269
32282
62949
23646
33186
67234
49646
4031
34308
90411
97014
31975
76145
2941
76042
21834
14482
43764
7753
30167
94270
37306
78496
38105
48024
28714
90970
38555
6905
6827
9819
88777
73754
78920
33127
81201
96810
11677
80170
88268
35606
97969
33148
6473
48644
92764
54876
21811
22745
55804
42958
21761
21400
38607
57585
55962
53786
24843
75622
4471
76263
11090
97125
27480
80591
8236
58221
97224
94841
25024
2805
63594
19484
94560
96300
4157
72022
89460
55259
73838
69159
15810
51100
63869
88058
67376
35146
21335
77165
27414
71966
36055
75698
12004
24516
844
5667
25881
40407
34542
57651
51998
27904
30780
40153
58166
1915
44047
61284
51804
81763
35382
20362
30632
7104
95279
46024
63611
92532
40860
23074
75889
92648
67426
53058
66750
87895
7480
70043
95456
98490
46140
49053
20716
16187
17161
87906
20320
23715
29892
65460
91098
60050
25360
45650
36583
15692
45065
4900
29236
54819
42056
33349
99547
11468
81761
59350
60477
77722
73403
70270
94435
74003
65827
53314
35622
86329
99645
14445
89943
7373
25704
39895
62640
75399
31976
15839
67287
21776
16474
51057
42829
2580
40807
40637
56434
12791
49506
9248
34426
57810
27428
42597
50312
59621
71025
17095
94223
72045
10027
50254
16047
30620
14956
21863
29114
2160
70709
24148
79491
65922
92062
38701
61247
22346
27441
91854
33196
25189
96880
22831
36822
90396
80019
32132
79944
83107
89583
3019
4373
14881
21615
95241
11748
66220
35009
12209
87623
18944
11523
54273
42082
25358
29757
68504
65748
88727
81350
27965
32180
79170
83898
69033
75165
87196
13431
25651
82824
41918
46007
12576
67690
19774
64610
44306
96820
26952
95026
87336
15232
4231
14252
13666
42606
80748
11464
60639
11515
66383
91216
1757
61617
70838
25202
30982
52582
20076
24552
52789
9357
61607
4798
77025
65516
41696
74392
5583
65146
24197
68927
61775
86323
40628
16947
74939
69646
55367
32558
6447
1966
65012
39086
16440
50701
44249
50959
96851
94571
33628
91723
76743
2399
42237
77979
53624
99432
37226
48149
909
6356
5880
95493
87317
97455
29441
15433
20988
53891
50263
61335
97215
87518
18105
50822
44345
22521
88358
26324
21266
90737
77541
11011
31517
32474
92183
59375
44085
62649
63323
75506
32420
7217
31648
90
96085
69519
51769
18984
21260
28815
29970
42960
44308
72292
94508
89225
84294
91414
33633
31102
11074
10901
26883
10172
28814
94869
63975
54843
5271
70065
71348
58338
90567
74756
28915
89997
55869
18014
54737
74826
70752
69373
5064
92450
60767
34581
66703
59224
37965
2958
75081
52671
29016
32220
64432
21518
80334
21476
71276
1216
5543
96926
13712
51194
57467
71631
52392
69551
43376
33356
66280
36677
58806
60350
41700
5837
34432
49405
94233
28165
4750
16877
2313
94984
18676
29322
58346
10324
7397
9663
34393
46738
53520
69282
73825
55660
53869
34982
89135
82188
97151
15848
33453
69601
8801
15993
70209
71869
22732
15680
45901
72071
77042
73050
793
80048
11398
56209
38790
42309
94045
59227
35979
94847
98963
19541
83157
89523
86524
86039
51967
99450
60270
12044
31014
88902
83423
32712
86183
2682
59113
86477
87592
91716
63762
62322
69695
80469
68489
93777
44262
97660
96191
46825
88143
37924
79868
38606
70638
89259
32836
80685
85345
36692
63712
46450
11801
64997
42036
11890
96624
78686
70026
36107
83196
7568
71635
31085
36641
49845
2687
21034
92747
41777
54307
3258
13444
23901
93090
9034
44817
62074
96923
69845
78427
1131
50899
28003
17311
50520
4697
38432
56599
97153
65575
27633
60083
63629
80574
66288
7521
33996
39413
30149
59651
92597
94914
9405
43192
98356
41096
48946
2856
51807
16611
73102
66262
4768
6436
20735
16258
13773
86120
45147
64254
64434
95594
76201
26673
43174
49814
43326
26801
73428
28077
57509
39696
18775
8534
55985
18598
74118
52164
63601
89486
53742
45346
48963
54530
93821
58860
74137
45553
19346
93747
47876
94266
65894
95216
97003
18712
82731
17
48542
97769
22144
29428
14510
88534
15592
26565
85992
97902
64750
39655
33956
81546
74767
10691
50248
27238
72142
49352
90953
69188
81248
54081
43549
80201
63243
73801
23559
11530
37272
35866
74100
3621
65831
24314
30835
60429
38938
67256
72867
76235
80802
21686
54092
13919
12719
91126
84524
46755
91474
10589
50665
57588
28580
40896
75346
70961
8332
52349
52764
62433
86372
27477
61794
65554
30334
15714
7426
86377
19412
66808
33204
82096
18086
92953
445
32395
89457
66282
50523
82674
39034
64774
45797
25277
23435
46033
37251
26445
48968
59874
52097
86588
14492
10433
89863
53325
59891
88537
83585
97005
83700
98147
27343
24666
77384
68568
39502
35627
40451
42950
81503
42050
1825
70089
23399
21597
81679
36516
42118
84301
78463
80981
37409
59538
14711
46615
67604
7652
3090
47120
72503
919
82696
53518
98974
40886
37431
21131
47892
54867
6530
1623
85994
6017
78370
10047
84763
44402
87034
68266
71645
23375
46419
99284
18542
2719
60738
67805
9955
30768
963
31850
32536
93330
70447
80584
59353
48306
71115
82513
84165
60548
88623
87251
77770
76839
94986
31391
81167
4663
61851
23201
20617
34824
75475
49128
54500
83412
34976
96254
80148
69626
11176
17124
53903
74680
69087
92663
35570
97786
50694
36456
73287
4521
84100
11097
34751
59168
21514
41702
7732
29346
86637
5291
68916
77762
11232
97712
17855
21318
26083
75940
13330
74860
2364
14538
49371
71499
33347
3089
7752
2323
95821
83380
53969
25395
49914
16096
50723
64378
14377
95332
61898
93273
88521
50801
82989
5885
48207
76141
63448
71374
74808
14251
71702
74753
23126
98426
2156
69561
61725
63251
25820
18424
33950
5409
33524
3257
51321
43521
27847
95135
46989
53477
6941
30751
14041
20056
86338
51563
31549
43485
23292
57206
39640
36378
27515
81570
79215
2268
51487
13940
81161
2652
51125
69511
43474
59323
83112
17276
79732
54563
4685
48293
68313
24385
21330
7310
40951
60712
3069
12087
50593
38012
18239
39958
68613
78783
97572
77893
51954
91579
72106
41253
76360
81194
50825
55815
61239
70567
60733
3226
34286
51817
88922
18607
8913
71327
11992
6184
74259
70726
18503
99198
39400
63347
43149
84412
11167
898
64690
61751
5219
65322
88152
82457
63432
71933
87118
58557
70505
51494
79711
90144
42336
8861
16307
86194
29317
21351
59700
7455
85579
71709
77695
20852
53602
42054
36959
17847
22678
66412
44648
60341
5877
98982
98006
68964
63664
6465
55174
36980
84209
53435
35678
22764
91015
28359
56862
30538
47039
56954
55094
89815
41197
57234
76171
33509
87626
67300
28854
21377
34973
69270
35879
4092
6846
19369
84267
43354
10854
47343
22529
22852
66176
22719
23245
32143
36030
54930
29837
25243
85192
6421
70807
65723
11318
54832
19143
48642
22810
64497
81337
96364
77610
33797
2007
14939
17556
31585
15917
44091
13507
19683
99696
34424
32242
23638
18477
33988
44027
97479
32696
37462
3611
36185
28551
98462
70155
92774
52014
225
35625
20543
46357
66005
26165
45242
32379
20712
8306
14587
4444
39012
58191
81151
71684
86737
71111
31298
79075
31193
666
14653
78782
67017
48640
58901
73998
97611
73455
16477
47400
38811
63903
71420
8466
92964
73326
33691
8259
87000
91259
97765
25682
29440
93034
93684
79271
22460
64500
41814
27351
38857
13698
20820
99559
20971
41760
79339
17365
67263
71243
34767
47257
91828
67186
65633
75108
86771
72684
78720
13410
37419
23038
92075
39934
2901
88971
49342
73982
54956
79630
51537
33110
31640
89126
8543
25112
43082
71860
87495
51203
93986
16326
40995
15756
56491
50507
33853
62253
27401
18575
92499
49775
85780
28403
89931
15818
21623
80886
96658
32000
92418
5357
62408
87633
19705
1657
15617
2702
58643
40520
32026
14910
85189
27517
19424
21093
82043
76318
83442
52393
55117
87089
46581
36381
87130
1761
47330
3236
99195
92725
3489
62195
75202
55495
58785
88629
53917
53361
96050
54834
34890
31151
3610
86881
86549
77588
64586
58263
8979
68837
33774
45304
97444
44264
76882
5329
58775
26027
503
17943
54326
12380
3507
65918
37030
69830
39708
29693
68731
30795
67176
28681
80268
28608
17503
23966
83479
59699
49832
9541
37175
89067
94257
30357
58950
58185
64751
78612
53456
29853
27890
52858
78106
507
22510
27643
37691
49850
16719
37880
34893
89531
78184
1661
5093
65036
68835
26761
52916
21849
99076
76195
90962
80768
18122
73149
6967
78845
5078
8771
51080
15275
941
39286
75823
2161
28100
94993
96322
45787
9849
33113
71661
2281
99535
16073
28696
53856
93148
95916
4176
25696
31606
30777
51694
61896
97338
35248
4387
54494
30724
71004
11640
29108
83812
74256
77242
62374
29270
62875
40735
31768
56593
76062
89226
19300
78486
2049
44453
53111
85696
9161
4595
25384
83669
70164
87591
13927
4822
92851
90605
41828
15062
38844
21472
42552
18469
25279
38830
66321
24586
30273
55180
72408
69102
55543
41550
8612
42595
18851
69525
2338
10040
77613
85307
2478
24513
58428
90586
7078
74783
15342
58052
47883
41162
14765
60999
50382
21609
76748
60017
40443
63218
78131
28524
55423
53981
32187
56281
28125
28613
78978
71332
85971
23326
88267
31787
37449
53536
18993
18038
60041
34692
31752
91538
9243
72221
7296
31245
54336
91167
87002
65846
58834
29081
39120
31909
49088
29884
48497
92326
2146
62461
78464
95804
44010
72080
24557
52895
82978
23550
96845
2616
58710
99975
5750
31465
86593
19280
83202
46684
1944
33582
37445
91975
5485
27137
94244
49146
99878
88361
23652
70495
25711
57894
72231
53288
95733
65232
140
82739
78350
71358
70993
94322
84386
7136
58858
23330
7654
45315
29808
46682
1813
91385
202
28878
41018
3829
38525
44943
30313
3748
83099
35188
73193
32121
32998
42080
33519
78177
90860
54047
83061
63945
22590
30585
62589
43123
7589
98349
68278
70913
41491
54562
58552
76970
68681
34326
57692
43353
12269
91904
26707
55197
52425
74602
88258
35804
21129
52265
16777
89811
29477
54455
75760
63620
37868
68794
69616
66289
97894
96239
40175
76664
59399
62256
28536
76635
96222
63439
98672
84388
90166
65907
98956
27339
27864
11519
47988
42326
26784
21994
55324
24211
51501
81102
12014
107
82792
13349
30813
65531
88076
77063
14374
95664
86532
78532
93026
12345
59721
24906
88826
75465
32389
63570
55499
48421
35756
26349
20805
27289
39504
75900
40915
15963
25163
78296
50242
28429
93843
82873
32625
33140
96312
13102
51532
3291
49331
18492
35643
82605
67616
97088
66498
48746
19111
81457
48444
44608
34371
77592
4464
44726
60786
37558
38473
54749
70569
53368
14729
62103
31292
65324
42032
56200
42324
36077
86542
12037
52207
7614
86424
7856
85162
44684
71888
78812
74417
67216
6051
96839
1797
83820
59472
5280
28161
88414
35525
75543
13058
70237
95962
3763
73539
51312
2291
55055
10297
83034
36407
92401
26757
91168
96607
59563
16102
65670
59661
80332
3352
47316
17890
60305
47472
5852
36752
28038
53910
551
10999
98978
3665
37376
90461
4093
11622
93371
69597
23757
64119
60795
23017
1925
65390
91419
32715
14112
31553
28850
19423
9872
53397
68210
66885
48646
85872
13233
3840
96438
18303
82258
52511
82483
83914
88736
89381
706
92514
47941
22730
96073
35904
16213
42557
24299
15964
94915
56052
73137
22639
96484
25060
81128
1126
45580
35455
70490
41815
18220
98388
73158
5454
81860
8283
40534
18010
27961
2683
43334
13405
39039
80908
96692
13799
17493
51997
24328
24346
69908
18318
47787
23301
95663
85774
27450
1354
82788
91848
53281
18890
58891
74293
49552
33199
22914
30449
34352
34273
83765
97954
66954
53369
29803
9234
57444
44151
84435
87326
28086
83457
46161
17469
48312
80070
41743
49857
9790
96086
80832
39179
35222
36112
49402
24443
54514
64746
31356
63493
90885
87043
17644
90055
40581
71954
51364
94418
93497
86428
28329
83299
16918
95461
63761
69823
72729
41422
25981
69481
91455
73056
20659
38266
53440
44585
62731
30841
3967
5360
54720
92698
12794
20942
96441
41043
65813
56105
76887
76358
28706
47325
56359
23362
67756
97533
22260
39761
72350
79579
51713
13092
38765
61874
72038
17828
66384
79377
36615
95995
9222
20522
90451
88137
31708
35630
70504
95976
99019
22718
4009
16623
64534
49622
40775
44130
16696
97297
70509
55906
22324
22970
58491
24387
53646
41628
53933
50920
48904
74658
86436
19490
80892
67135
8183
56873
68222
91653
32126
27029
26284
40741
49631
75570
35090
48557
